0
58
64
81
92
76
71
76
84
81
76
70
65
67
80
75
104
72
78
75
83
79
89
77
78
74
76
66
69
62
76
87
73
63
70
61
43
43
61
54
69
64
53
50
56
44
43
40
61
43
53
41
57
33
37
51
45
45
38
50
41
37
45
35
35
43
29
35
39
39
40
34
38
39
30
44
31
46
36
44
37
29
30
35
41
32
26
29
31
37
29
39
30
40
30
30
36
34
29
22
33
27
32
18
32
29
28
28
29
25
28
34
27
36
26
23
21
30
24
40
32
27
35
28
32
22
26
35
34
29
32
29
26
24
34
26
26
28
34
19
24
21
27
23
32
26
27
20
24
25
27
22
23
22
26
18
18
22
25
27
16
24
20
20
25
16
27
22
18
22
29
17
13
22
25
15
9
18
13
21
22
22
14
20
19
15
18
13
12
8
16
16
12
10
14
18
9
11
22
17
16
15
17
17
12
19
16
14
14
15
13
21
19
12
11
13
17
12
20
14
16
13
14
19
17
11
11
17
6
14
17
17
15
14
9
24
20
13
12
10
17
22
18
9
15
10
18
23
21
20
26
12
20
21
16
26
22
18
18
19
17
11
11
13
21
11
19
15
22
15
18
17
18
17
15
12
11
13
8
17
7
10
11
17
12
16
13
8
11
12
7
15
13
18
19
17
15
21
13
18
10
